# OBJECT=ZTF23aaawbsc
# PIPELINE=PypeIt v1.13.0
# RA=265.214184390181
# DEC=66.2042929252271
# DATE-OBS=2023-08-05T01:13:31.030
# JD=2460161.55105
# MJD=60161.05105
# EXPTIME=2400.0
# TELESCOPE=NOT
# INSTRUMENT=ALFOSC
# SLIT=Slit_1.0
# DISERPER=Grism_4
# WLENSYSTEM=vacuum
# FLUX_FACTOR=1e-17
# OBSERVER=Jesper Sollerman, Simeon Reusch
# REDUCER=Simeon Reusch
# PROPID=67-001
# COLUMNS: WAVE FLUX FLUX_ERR
3851.4751750719397 2.172200688976837 0.9275977161675092
3854.4639773657445 1.9957106945979692 0.9640722813406034
3858.9655241831542 0.8636683175836845 2.125345116036306
3863.4396368948464 3.2255063073872803 1.0068830222460932
3866.4343237319918 -0.17904298399687207 1.1360444071424194
3869.4306430223833 1.4526094500106639 1.0425549860176728
3872.428268785577 2.6960463105858574 1.0664726282147412
3875.4273469427017 0.7554873747994737 1.1688176606549165
3879.945491795149 1.9536952621184982 2.2773430199964455
3884.4333813593125 2.4808400330766887 1.1733394653097815
3887.4379072224083 0.4302754423308518 1.2449805323983358
3890.44449234367 1.4065334907194542 1.2017758809059595
3893.452171342148 2.481624480270012 1.1634059078231065
3896.461416285204 1.2900809745622714 1.1885303409500718
3900.996050053079 1.2335898875088778 2.3441217569937116
3905.497434307391 1.4716473487675308 1.1451889193164557
3908.512325590239 1.6862476614607225 1.1719019481838364
3911.5285816313917 1.4095380565530307 1.2078897723549662
3914.5461661373292 -0.35550890712844546 1.2787396924089869
3917.565384181168 1.0412953784087546 1.257104897655247
3922.1162036321384 1.073912737790135 2.7093944707512567
3926.631172285181 1.1880029189983636 1.601662568056586
3929.656278148314 0.24498004417747868 1.6576859744345747
3932.682196984845 -0.33115233510583814 1.944883009914983
3935.7094686679256 -0.6223843719727408 2.053419653300252
3938.738638246036 1.4446851054452345 1.7300153372086777
3943.3049555916627 1.8094078427385742 3.0754320888204196
3947.8338368652257 0.28856603042655893 1.5341919927265957
3950.8683185325876 1.1430656875165564 1.4618328339766975
3953.9043630371875 0.8136646098576896 1.4855701792794715
3956.941532663182 0.8714830800780834 1.4994877965346456
3959.9802283270733 1.2511291711039911 1.5560708773821672
3964.5613419063143 1.4181623250876536 3.631585931892386
3969.1044191669034 0.8815413312191297 2.0165570550832093
3972.1485207575183 1.536948727933368 1.9686564663371826
3975.194213162956 0.9116450774328549 1.8206992613756487
3978.2412645904633 1.061477249280709 1.681232404768134
3981.2892419111868 0.4599334612688553 1.5815175973419484
3984.3388601656197 0.2118832268330057 1.5761213149754232
3988.9361260966457 1.4217650501883379 2.891745268432449
3993.4960397431278 1.1381850649062975 1.44073861012219
3996.5511654318743 0.011661713755106554 1.5180633651871112
3999.6075818939053 1.0596258532456808 1.419524597701039
4002.6653421711326 0.2590951988671638 1.5188842276322663
4005.724429591098 1.493938230645047 1.4845054023453523
4008.784961558862 0.9627996113924491 1.4416290772018616
4013.39720272237 2.2988881666838683 2.7706933982605984
4017.9744186577677 2.237883057000448 1.4129154422984653
4021.040452906561 3.587904543709354 1.32489692277265
4024.1074422733655 1.622185253080488 1.4302504013262096
4027.175854023251 3.1545019656996356 1.4195519761903725
4030.2456363426527 2.4833787919615293 1.459947346295213
4034.8705761410943 3.199595114405663 2.8332216381735402
4039.463070683267 2.6483328764006155 1.506503578124099
4042.5381254275394 3.5139531415451715 1.4804224494806861
4045.61460147475 4.81397460038801 1.3824870006601664
4048.6923211184917 2.788100034178719 1.4249243946325945
4051.7713603580337 2.2054011670325315 1.5387848172097358
4054.851580375927 2.4033356180529575 1.543919501694852
4059.4907206454236 3.235466549089111 3.0388382723502514
4064.1007363775693 6.274371022965045 1.4380282638511808
4067.186325198241 4.9650384970559704 1.4828584046005837
4070.2727585825564 4.031771526016011 1.5745671413523803
4073.3613734458527 5.304651535205683 1.5208783324940234
4076.450872365241 4.814821798584239 1.544364294772226
4079.5414641343787 4.038358865624258 1.6280948198052556
4082.633685752814 4.722874396126629 1.5474387509071241
4087.2881741868364 4.552546928299724 3.0553626399394895
4091.9176578379884 4.810185951753215 1.5392030389176456
4095.014944491781 4.717726313450078 1.61954637728332
4098.113292744489 3.701114669991439 1.7093879558798533
4101.213151583286 4.311048744072698 1.7492085362347418
4104.314200532246 5.048751248854884 1.7312891580497154
4107.41647041382 3.3231827853297973 1.8049542646035825
4112.0847290715055 3.5657939121391418 3.467696893981694
4116.731104119804 3.8299713436108465 1.722816052040893
4119.838823278775 5.431441563291721 1.6379078015298933
4122.947124172783 3.951795038004789 1.8020789212126656
4126.057047475833 3.5907081167890817 1.7842645960450456
4129.167615873869 3.1602769497925505 1.9663862874242948
4132.280702194562 3.3157903257729116 1.915791982055782
4135.394332587517 4.609952006593022 1.787808950511551
4140.078238214521 4.408350465234942 3.719211219021554
4144.742977349716 3.9928519537778224 1.8954096455251368
4147.861547174266 4.716597946569898 1.8492716346199218
4150.9815329722005 4.263147976722786 1.9679664493067441
4154.102719719775 5.031356099474343 1.8898159149084723
4157.224925730508 5.556160809503234 1.9036594412533414
4160.348749779295 5.136594998628082 1.879807511743676
4163.473595513352 4.40115728970147 1.9698227453537671
4168.173177808126 5.013449656791066 3.8882765905240397
4172.855632739932 4.700708289665514 2.0708263093022343
4175.985389779236 4.321463661147087 2.138898828558707
4179.116541290068 4.050961839485803 2.21264361732536
4182.248725631855 4.78032526945948 2.2220006766680687
4185.3821341258645 4.905085226013175 2.194399138729208
4188.5169148758805 4.061675954299788 2.272927668838164
4191.652683735643 4.890774872014279 2.249233389561445
4196.36803400034 3.502031329911281 4.938046718504873
4201.067663734599 3.9810290982995085 2.4128653303369108
4204.208443930427 2.4887334140956767 2.63176079210201
4207.35031130683 3.06996344652908 2.591563669905869
4210.493516572799 3.9143576501638995 2.5664057816700656
4213.637871744112 2.6705160374114065 2.6391089794820375
4216.783330991734 4.572731665251316 2.4457168996599195
4219.930120390947 2.6311294563435528 2.750123556625458
4224.661051307453 3.512154517120447 5.469980069285167
4229.377937593848 3.6005558029722224 2.8857978002455105
4232.528937478693 4.093745719245663 2.7533144273783434
4235.681681198188 2.3956868066291657 3.0145180026050458
4238.835552745367 3.9834400510597217 2.7600971824210343
4241.990575890645 2.9959775528511727 2.884166868115663
4245.146770376378 3.058812549635254 2.9256327710854
4248.3042626189035 2.8539325083895295 2.9628204459353693
4251.462852609927 2.7376470117339124 2.9861256521471313
4256.210732939348 3.412037969715677 5.939172673650954
4260.946061510558 5.015830016178716 2.7221962501689325
4264.108824026886 4.684918000668119 2.7858001596464157
4267.273314230011 3.4619320409665586 3.008290724645418
4270.438868704345 4.046628355727522 2.93773700388983
4273.6056038672 4.87520390299573 2.909379097558391
4276.773578779566 3.674244014835279 3.135902720536253
4279.942623872048 4.561748124861881 2.9345975216064546
4283.112852132157 4.161626592924731 3.0743106841963783
4287.877925033439 3.545842019600346 6.428228538137982
4292.630461132377 2.8250007263924415 3.3757873976676684
4295.805250454851 3.2978122182304337 3.4754613123327234
4298.981250576028 2.8465616614021516 3.7600062862996833
4302.158581636964 4.015702802628564 3.7356258225986307
4305.336632953831 3.5224118481329016 3.8391247428260233
4308.515644255139 3.9500881412018245 3.891381190005327
4311.696470490959 2.677148730749595 3.862476221635094
4314.878216305182 4.176648291188034 3.362234841737427
4319.659859943726 3.7752464608597633 6.649929232740081
4324.429946181094 3.8589746675568666 3.196776300290436
4327.616203924284 4.646792473532847 3.161775797698517
4330.803459447218 3.703141053298323 3.3617776620860518
4333.9917140346215 3.7805918087386394 3.448183194691276
4337.181408139182 4.696926225038138 3.242861494766562
4340.371987219503 4.751244192430326 3.2562247436591667
4343.563879628368 4.729538789973522 3.4031659709701167
4346.756661921804 4.825011379640867 3.3793111375466234
4349.950657261552 3.679592013345576 3.5682086829489945
4354.750748916382 5.134007195141209 6.364923177659169
4359.5395499102515 3.610631532233488 3.4786388326197613
4362.737844976402 4.741479633776067 3.2133619111272194
4365.93736335801 3.993664040824614 3.284368469936193
4369.137896288802 4.58718970089885 3.204085558025429
4372.339652966314 3.40342925217101 3.4137114760980656
4375.542531331966 4.4361341739245965 3.307454150630271
4378.74640553539 3.217631279516914 3.57808829521404
4381.951688211845 3.8406661495541883 3.657073633533894
4385.157499640779 3.520294870150022 3.6197573171375983
4389.9758960097715 2.572047415261652 7.705920436001513
4394.782377669095 4.124751135308663 3.4575425493060497
4397.9928484734 2.8118988604828656 3.7057386737781717
4401.204424819906 3.107866279201608 3.6536605108374274
4404.416864243983 4.026978406935181 3.473093538811374
4407.630652476001 4.68037670176417 3.40543731644217
4410.84539091006 3.5744679126524908 3.552255742588237
4414.060872448231 4.730261455724689 3.4186205730833485
4417.278173570666 4.233126544341625 3.4256598289807125
4420.496130643047 4.056496969908934 3.4202448047526026
4423.715119413307 4.501714417280529 3.3765687383680234
4428.553689168776 4.849090836795832 6.601439613100322
4433.378592700123 4.752800982824046 3.3789031795608597
4436.601914336384 3.5871067405079486 3.557467451422817
4439.826190556957 5.340034624474752 3.28510663782758
4443.051653734256 4.532706137515604 3.4855242324509272
4446.278039710825 5.364907213779588 3.2161180132468776
4449.505196416125 3.1490246168901037 3.7730411617558635
4452.734093579576 5.214293293588643 3.426897222811306
4455.96366638683 4.619729539318506 3.544734187642967
4459.194321041983 4.510735759600982 3.6251115417872146
4462.4259987670575 3.774780262674258 3.8755790576507936
4467.284394375678 4.29675224487907 7.518477932057568
4472.127288519318 3.3163013840655666 3.857812434595374
4475.363138692145 4.2719020178602225 3.673954486593712
4478.599922722393 3.673892837420958 3.7767775605372766
4481.837802192637 5.231476301694608 3.5647769656622144
4485.076678712016 4.28564725554426 3.7567967934093733
4488.316673866934 4.638418897899106 3.7699813134320665
4491.557708207247 4.138323344644366 3.7933162263484115
4494.79967806698 4.2623389518636685 3.7324967276187206
4498.0427235461975 4.785027053921 3.6889486345272204
4501.2868139392385 4.483599203926673 3.6894443124825487
4506.164802722759 4.514862667534899 7.407252979301015
4511.0250610521725 4.034213698572483 3.7794465466121134
4514.273138297943 4.232337318397632 3.7957798807988996
4517.522248355594 4.581987563313296 3.7476960802811283
4520.772385108164 3.8387246148588003 3.9152627894689704
4524.02346495759 4.4001650729326975 3.9132965133582545
4527.275612612413 4.838537210284918 3.9079670442017345
4530.528654907316 5.011108110458535 4.038919771042607
4533.7829233713255 4.589639294263335 3.9962289481110096
4537.038069102497 4.664707102662219 3.971838657817177
4540.29419161729 4.190417890985597 4.090277865724152
4543.551324349634 5.110497556365339 3.8816488144554997
4546.80955892087 5.151240879433113 3.925083926399674
4551.70983816367 4.570769553766773 8.158903394046865
4556.5898305132005 5.068586611642661 4.017846648265743
4559.851891049002 5.452411397942793 4.030716856741764
4563.114998143978 4.227525499927833 4.1641696947553015
4566.379025414706 5.261344851419906 4.041595669817701
4569.644316973577 5.227936986446815 4.083619996292042
4572.909544904372 5.939007458997831 3.936051444768121
4576.1770916024625 5.75148185441245 3.981508081166374
4579.445172077141 5.085682372217449 4.152929141047341
4582.71406801296 5.325776014681149 4.2062170536097305
4585.983921633159 4.77870218123006 4.308813573401019
4589.2547716446325 4.967348671184834 4.426311461736564
4592.526612358223 5.761868089080005 4.18428446661176
4597.447990925773 4.855691487949753 8.918782920284208
4602.348049982936 5.64212192626778 4.288337744441753
4605.6237519643455 5.37428869814564 4.334377181768751
4608.900364624005 5.546806090660547 4.270108081502133
4612.178006161734 5.926795206559021 4.2250128880724365
4615.456544633492 5.6604730928998555 4.294354299063157
4618.736140365524 5.318144782639042 4.413043147411315
4622.0166157619215 5.3326273347209305 4.401921016323992
4625.298009292779 7.001180290293515 4.071539865796627
4628.580196467288 5.714237419074746 4.430101971758809
4631.863777722493 5.250460566591931 4.458667783424975
4635.148035767046 5.133601170582707 4.621968397108054
4638.433219405991 5.2383763176906015 4.621092666655053
4643.373473730499 5.740024200646224 9.049293152663203
4648.2944942207705 6.111138282779349 4.557366575422671
4651.583450920755 6.132914122934818 4.441030193897948
4654.873361471418 5.8921214900433805 4.511519954945798
4658.164186870082 5.9119617608289605 4.5506087230196375
4661.455992840355 6.855855754629681 4.424892545097187
4664.748633229557 7.114025031497087 4.458232644205962
4668.042242413477 7.180184361755659 4.4187403255494
4671.336796832491 7.514865348296952 4.307896834734177
4674.632013075628 7.409706345645441 4.5538682519679385
4677.928613526668 8.173679232724467 4.2585584293706376
4681.22595137569 7.55889180149025 4.389765333159378
4684.524087715596 8.825210248027215 4.296292830499381
4687.823300702977 8.701571921132926 4.321979187602282
4691.123325820932 8.983260962755866 4.264577024960547
4696.083131422952 9.774321834049324 8.23459913304637
4701.028931343627 9.429603989443438 4.301700372571691
4704.332674393381 9.739607268554241 4.303272769182118
4707.637270839894 10.046677267365032 4.258380319630655
4710.942795905256 9.396819996830637 4.4087818661868186
4714.24915966142 9.8245060869937 4.208271352920752
4717.556502793277 10.49588033253952 4.023923752835661
4720.8646778011125 8.479896761264168 4.470182544023572
4724.173739568425 8.743775507189241 4.334036725291409
4727.4837375729 8.863401198034763 4.350094207861664
4730.794642301898 8.614169470103453 4.446248158494384
4734.10639604253 8.297955550436402 4.560231604022818
4737.418977729816 9.230145275481378 4.40297073423766
4740.732641303736 8.783468122218006 4.469203696292511
4744.04700694414 8.320098656027087 4.631995903065665
4747.362332892556 9.320029646533369 4.414220265468994
4752.342080187741 9.191452492337538 8.85620837639086
4757.313616380808 7.416684131015303 4.786500279876908
4760.632480299734 8.027079391365978 4.780133962279126
4763.952135861591 7.207373048796484 4.9668344411499366
4767.272724985617 7.603953853227554 4.872337997034538
4770.594247731347 7.6567506263803935 4.738238528314778
4773.916545213538 7.976441990541258 4.701833222300109
4777.239792849608 7.942403361755248 4.706425156203282
4780.563587712907 7.882997659605393 4.83195770349305
4783.888767662606 7.7278086483857145 4.785312666261328
4787.214429809419 6.998236828495456 5.027193120153559
4790.541253226781 7.107423555114065 4.978804954464228
4793.868835298093 6.7750896354639565 5.005632686609313
4797.197463352556 7.996454158388939 4.633939140366538
4800.526407362604 7.431776980804697 4.864290928994273
4803.8563653819165 6.518467477559937 5.186947560027564
4807.187437927588 7.292674290640042 4.9264234580309525
4812.188547725641 7.2228676828008895 9.960531840689008
4817.185417436823 6.867630486277851 5.156836213051595
4820.519733530389 6.5485166225327465 5.151377321829975
4823.854424868922 6.924833302597046 4.9565931022402445
4827.191015385357 6.097739406732286 5.274354355548666
4830.527891511213 7.01098606994252 5.140880745940707
4833.865622754314 6.078501512154583 5.33071225204322
4837.204164734502 6.627657717225542 5.302623698222789
4840.543631400597 7.374113264121493 5.103874891730141
4843.8838443085015 5.931090963202738 5.504600542935698
4847.22529941096 6.907733194174836 5.402943368876869
4850.566827657059 6.006032377201647 5.617822997981123
4853.909529897948 6.182014123541956 5.670866751886094
4857.253130118084 6.591964619436845 5.697290806430584
4860.597560319219 6.295526545797219 5.916564987370125
4863.942716593746 6.840465987919868 5.820577907308263
4867.28878960741 5.646998593243107 6.2859592546638945
4870.635726763524 5.014883454462255 6.3639167684867655
4873.983411154682 5.738927929696017 6.037671220855244
4879.008472723241 6.099606089489119 11.724970645303353
4884.0309678731965 6.39993349838995 5.764705892644345
4887.382256249739 6.098450129456941 5.82918770685807
4890.734145386388 5.450298620017012 6.115294702625603
4894.086676766921 6.646718155683407 5.6321067808923875
4897.440029783276 6.604829557145791 5.7187999705022285
4900.794296734247 6.832574850181049 5.507816800501051
4904.149287116027 6.966502361396892 5.595609365769787
4907.505107003368 5.877647186767377 5.854966549494483
4910.8617816401365 6.3128757002039055 5.788212163309791
4914.219144469796 6.212819951666632 5.973006311797456
4917.577363700534 6.327162680750424 6.019326624059609
4920.936310807075 6.917992287346879 5.902549458778581
4924.296255274059 6.366671115277837 5.949695914166499
4927.656825481294 6.327536278762457 6.053037995761079
4931.018248650395 6.539715074368354 5.98219507960762
4934.380423532652 6.417483915523964 6.010561758585204
4937.743454011741 6.17251411667609 5.961966410617489
4941.1068544832215 5.736990391695143 6.323043675923907
4944.471768732234 6.475175243426666 6.010990896629352
4947.837171574415 6.184767560325286 6.073460429309713
4952.888690437941 6.0594379163925725 12.247989706226805
4957.937965590219 6.665063501674169 6.020676658850714
4961.306416578151 6.818887907748874 6.030201152275857
4964.675715129561 6.345119366020528 6.1933494382289584
4968.045785976967 7.187294871570172 5.87886487156328
4971.416553613661 7.636342631982899 5.807804003697835
4974.788151611657 7.120579915143212 5.943911820070773
4978.160518004036 7.014023939539082 5.987873017496946
4981.533612931591 6.873456876109619 6.2485601639614226
4984.9074721285515 7.154567718466002 6.195042152598112
4988.28225680924 6.638416128704031 6.284022545499862
4991.657628891649 7.11346256390784 6.164834321231946
4995.033880798425 6.47803719292977 6.355431657046784
4998.410690329169 6.48098687450173 6.424286627957981
5001.788597017486 6.599374579051672 6.451838636240398
5005.167025813574 6.291404164448685 6.507450376852376
5008.546223771774 6.544338771722192 6.614755580339746
5011.926259053415 6.400626731290732 6.683860811964484
5015.30701577367 5.895675185165858 6.86857508014401
5018.688186337655 5.497505276983246 7.0871981576453305
5022.070663038815 6.286174588081643 6.783838424224216
5025.453768930622 6.119476585075839 6.75582795751583
5028.837550410175 5.900073886178978 6.805011528649439
5032.222016323787 6.409147166033703 6.639707657591789
5037.30206154316 5.7775713193020835 13.829702127282049
5042.379966695752 5.848726541850125 7.034114130124541
5045.767501778492 5.8805035901235865 6.994871442518144
5049.155734921361 5.899968786422635 6.971895756444886
5052.5446819336885 6.133033538196993 6.826580166146551
5055.934419854784 5.921833556966493 6.850447776210759
5059.324834890134 5.735896635669673 7.018199128833185
5062.7160357881685 5.787076734538578 6.825441744524596
5066.107917129946 4.633019791204952 7.400892233521814
5069.500508657538 5.643153394209032 7.0971223081059405
5072.893868424898 5.584667278966876 7.16796270959128
5076.287962168793 6.613878775718287 6.856604231589474
5079.6827914602 6.332047046236488 7.146661019001798
5083.078290278051 5.67177748300895 7.230436802861472
5086.474585874787 6.411366281367114 6.944976431088852
5089.8715938770765 5.525973361561302 7.320328465865765
5093.269252393339 5.894112907881655 7.046592113630097
5096.66770857376 6.6459510156626544 6.913672231317124
5100.066878466001 5.775831532395368 7.221507547148843
5103.466697214453 6.971313102125214 6.934475326489449
5106.867261032586 6.9135429225480936 6.84254745036856
5110.268527012728 7.174642848127661 6.783695141000578
5113.6705414553835 7.5235817341844236 6.683402071734747
5117.0725485765 6.499749457935779 7.0498893128664
5120.476638466095 8.28343114010641 6.500696382573832
5123.88075338278 7.298742522707872 6.843351723262773
5127.285649972382 7.678540258107934 6.765726966656905
5130.6911754888915 8.805231624423053 6.401646311066948
5135.804031375377 8.753506488304726 12.986100790857432
5140.911965589969 9.14624772762851 6.434704889752592
5144.320295666097 9.270514299188036 6.477368800826836
5147.729331171445 8.829852386792076 6.668582417352829
5151.13902288817 8.117573755775398 6.840066609079954
5154.549449087026 8.500479737455118 6.6569452150275
5157.960623006266 7.451276748646038 6.991729968997192
5161.3730977834275 7.701784314172482 7.044699937790438
5164.784860926402 7.479986236751161 7.305727157533562
5168.198086340117 7.157588838442294 7.600249915034848
5171.611935682266 7.119698903698123 7.671702144519578
5175.026490786806 6.640519158949264 7.754775498924193
5178.441737877416 6.070213405270813 8.073458687788664
5181.857675464038 5.829753497700361 8.29106820788762
5185.274282987561 6.095467753707622 7.802912939505974
5188.691562379706 6.066117416593975 7.986508700649121
5192.109555898396 5.827462530893675 8.132620258200516
5195.528215464618 5.5723681306224435 7.956195767508764
5198.947472585689 5.846228195854821 7.810693694724894
5202.367489321535 5.5258207475939844 8.024181273797025
5205.788175271334 5.730551697815169 7.832833666836384
5209.209511389057 5.768805846263351 7.93981294240994
5212.631510316338 5.267702630699953 8.132574114777116
5216.054168498461 5.876854184152154 7.957469445076802
5219.47762067332 5.177501142394556 8.274110463129974
5222.9015958795635 5.548355326881959 8.073764939212257
5226.326285204915 5.262394964194637 8.417835371850977
5229.75159322067 5.787834750403512 8.06117311892817
5233.177582899429 5.380185275531424 8.35770070528022
5236.6042579409805 5.580671710240861 8.228810757036207
5240.0315591070585 5.030418788392185 8.309663850901675
5243.459575277194 5.299212167076417 8.150410272671875
5246.888254293085 4.203075081157847 8.809036390097802
5250.3174908519 5.049446791046863 8.321970243570284
5253.747504648528 4.969502718350572 8.471175459577388
5258.899095934428 5.08870314742243 16.951295021910855
5264.0411813036635 5.197383586577073 8.805541428919833
5267.473720649043 5.851268337529686 8.506340507415377
5270.90697081831 5.140717442744027 8.500523777474578
5274.340812593074 6.083133524504672 8.353844117946375
5277.77522580415 5.6926784314155885 8.45809172912344
5281.210439672031 5.803070191875648 8.438426447758333
5284.646226516827 7.200310564478403 7.601968958623949
5288.083406096643 6.359865458090243 7.902498396093607
5291.5202447633865 7.329046322080967 7.709912965937409
5294.957330480167 7.3003289925308055 7.668575675176941
5298.395670986771 8.233719562278615 7.286046984345113
5301.834627060997 7.453521499154067 7.673102190855676
5305.274217629458 7.903035587728976 7.460939305638615
5308.714443506485 8.235495167649436 7.401388355010204
5312.155233394634 7.751626365283129 7.203356670427618
5315.596837506023 9.134544201867826 7.006941571086555
5319.038860077985 7.767091130885527 7.538842973850969
5322.481669406582 7.831128181092076 7.644457403307993
5325.925013582869 8.203753536469305 7.6436018193305975
5329.369051753599 8.554698048902038 7.33692309587639
5332.813637612423 8.314749949728254 7.607628164152243
5336.258905250319 8.544874257644572 7.476571986506768
5339.7046407703265 7.915836290249856 7.705935338082307
5343.151200486677 8.165955054162378 7.628540956182357
5346.59811696324 8.41292313081444 7.665779468038502
5350.0459925535015 8.823266507565373 7.352086874995263
5353.4943258132935 8.483108713051479 7.537782783711111
5356.943093006666 9.070577517304796 7.285020033175174
5360.392822798116 8.59204334031981 7.493724431197784
5363.842988959153 8.604276158564572 7.515722580590074
5367.293821666976 8.586244456850652 7.6518843215353725
5370.7451471000595 8.064698975305093 7.903917713754762
5374.197177033047 8.092858870003031 7.993782671989037
5377.649778027681 8.814668601651492 7.564229629975315
5381.103283687328 8.719355892517845 7.754360650865212
5384.556764657375 8.780961595255647 7.6564163706835675
5388.011190591464 9.103293357090708 7.473632944034714
5391.465511593116 8.461882708083532 7.584127867105637
5394.921802979774 8.261415615622784 7.6160537730148175
5398.377989821563 8.604840005076943 7.84154042761035
5401.834842354036 8.748195048643083 7.927361222218552
5405.29219601668 8.3511472644552 8.303247263923456
5408.750282045816 7.860189648014372 8.65674664047878
5412.208807037701 8.24346352650749 8.160327545480165
5415.667979260164 8.682916891167325 7.899286164178018
5419.127743957593 8.732349891720958 7.927250229868572
5422.588164154425 7.5901621874967065 8.33486653254274
5427.780106720305 8.135490960031719 16.402660701822196
5432.9727882933075 8.010086909632355 8.179074418994933
5436.435499980267 8.144280214007184 8.163825329139035
5439.898977333893 7.683552697404885 8.480270668819891
5443.362705472133 8.424975850240077 8.018079894044577
5446.827152572696 7.923626334754209 8.228893800475765
5450.292199640773 8.043462426933905 8.265954967214075
5453.757582874135 8.882599111729213 8.13008891669132
5457.224069629565 8.549045591396627 8.13282261434467
5460.6908241203855 8.7469995494225 7.998121515987231
5464.158168859473 9.712722084225334 7.580779875495173
5467.62608244814 8.659755999067396 7.968810751834783
5471.094588393138 8.205557442189182 8.348675331016212
5474.563752183408 8.555081586988962 8.351155302882104
5478.033324120327 8.660628852753801 8.178630226380436
5481.5035051545165 8.860264128721118 8.096262002260689
5484.974254304238 8.279013703329394 8.38792206118258
5488.4455930843915 8.145561143782823 8.294692686953356
5491.9175179865415 8.542081969335566 8.083526997048448
5495.39002775403 8.438669562099266 8.125420414404735
5498.862997641901 8.387901892188967 8.121380791446633
5502.336706028134 8.563218841287165 8.272562370851261
5505.810812846549 8.182485347078693 8.4032333026906
5509.285504675827 8.082775149700149 8.533746320469499
5512.761426649305 7.762747864685249 8.636301831402982
5516.236626536249 8.052274326543209 8.440822078374788
5519.713067949604 7.69073859311702 8.570520510494957
5523.190453214079 6.997042626473499 8.407715666824535
5526.667482714252 8.214163451888275 8.348193660615138
5530.14552393384 7.604430417412025 8.726920233213908
5533.624119059108 8.37870040505769 8.431616128278513
5537.103268978365 8.879426258146712 8.242950993456056
5540.583012973189 8.033562809998125 8.565345002144877
5544.063260556665 7.732958063508038 8.632306895769352
5547.544030153448 7.518136217175067 8.771530663057353
5551.025427289961 8.410079821437803 8.252940208149173
5554.507244681467 7.434394442420157 8.789205890235937
5557.989710526802 7.755520454352453 8.765659427575624
5561.472508670595 7.760077129443727 8.791003591435949
5564.956176440097 7.701575666922414 8.865093068875183
5568.440420407833 8.014345368916981 8.011460148009233
5571.9248486784045 7.596709038259753 5.722390420607696
5575.409961617701 8.171329829050604 4.585071889732087
5578.895624796437 7.7221997000626175 4.720427508878615
5582.381871173897 7.3415486440212225 4.709430249924767
5585.868605713298 7.011494377988436 5.425266876258915
5589.355868827748 6.877181666316643 8.192708952471245
5592.843693202933 7.385360123162607 9.218712722741227
5596.3319843854115 6.532064249237375 9.62366377262053
5599.821107351052 7.133668559031721 9.50720130166763
5603.310195831214 6.414959474286756 9.561253078920897
5606.8001857778745 6.493791561580602 9.68987549307646
5610.2905990418485 6.402521005182084 9.626256267761399
5613.781595237295 6.7139849083326135 9.562915317418438
5617.2730390421375 5.452510292040278 10.247586270555287
5620.764710769697 5.719049870344068 9.5132141545055
5624.257649610535 5.505242890869611 10.19876443763734
5627.750678446831 5.606425543669229 10.158104114105523
5631.244276723444 5.987168099101078 9.937189863714408
5634.7383476722935 5.514592783871948 10.433455546590423
5638.232971702292 6.378060970540371 9.848523562470952
5641.728099120681 6.6642844414051225 9.727341240820607
5645.2237455344575 6.711014349267677 9.68636235922976
5648.719958167874 7.33058510870205 9.33935088285099
5652.216609637874 7.272144569593861 9.346530284566455
5655.7137652547335 7.447858053062191 9.357020621955703
5659.211476364713 7.808652583270143 9.24348626062979
5662.7096836577675 7.623119752547514 9.303191349483802
5666.208393108681 8.157953023140806 9.02887259920985
5669.707601682336 7.912858127992442 9.127033694240614
5673.207363656741 7.926576684544254 9.12812005851429
5676.707558105331 8.308651632140748 8.93274017312772
5680.208347076896 8.036385285135857 9.09890865403474
5683.709525354505 7.915051212052298 9.222313505706612
5687.211310396323 7.585059992558989 9.479605593173476
5690.713550005398 7.650146343899236 9.324944315376454
5694.216319390904 7.900374300804531 9.261045395141043
5697.719529032764 6.85529854805108 9.883296031444559
5701.223303459501 6.514632086530694 10.184190580462205
5704.727524186764 6.881077145502287 10.041510830898192
5708.232242112012 6.788476218188151 10.082260623295472
5711.737513439372 6.938700443625549 10.065657209132032
5715.243218603863 6.087661289950534 10.636484352975312
5718.7494233777825 6.184446310930674 10.63211695344457
5722.256116406649 5.760825250428381 10.705743608930963
5725.763268542236 6.035768363084937 10.750829859451523
5729.271008389586 6.255714607896081 10.499769774385996
5732.779184845209 5.606916656827134 10.871349054315921
5736.288666245675 5.106489010374457 11.258506383377389
5739.797016934536 5.193397571862999 11.308792742897575
5743.306702421864 4.657590379651442 11.869179771763537
5746.816771619302 4.8841369096602145 11.721849464942
5750.327366936899 4.747750319475982 11.76171726697132
5753.8384416292765 3.9871013818935115 12.61991485024943
5757.34994715184 3.9959772118994303 12.822555626009716
5760.86205824927 3.7014921290451586 13.038997188117037
5764.374584820346 4.114282907635139 12.47879394404459
5767.887588862707 3.9443793833393994 12.702595446373287
5771.40109939382 4.223848074494752 12.443866397313302
5774.914322135752 3.983793075953413 12.807268381045937
5778.429661762878 3.673343761839976 12.01523524411948
5781.944457032163 4.54053964490369 12.353279432771865
5785.459801725771 4.998852621896464 12.005624594996199
5788.975634767576 4.69047743491191 12.202714428534517
5792.491999520408 5.365150580310042 11.651315674845085
5796.008795181328 5.463169107184357 11.582805653880703
5799.525280204139 5.778844859989342 11.317161014654657
5803.043795701977 5.723450601229335 11.303698311893504
5806.562005820911 6.211256377838931 10.85550351722792
5810.080689815903 5.941032760848167 11.2458994186404
5813.599779922058 5.605910279481698 11.470651407145825
5817.119445914249 6.652586524439459 10.655209300265978
5820.638946184343 6.5814309563752476 10.521899230603484
5824.160024834018 5.701396301338611 11.358855502126508
5827.6809924154595 5.9140372446509595 11.149213166809878
5831.202390854404 5.989433051221527 11.094582381330829
5834.724362001035 5.546449841212423 11.45769663209456
5838.246699054225 5.561567690402189 11.33864878734254
5841.76950725724 5.542810604411453 11.468367102487061
5845.2928563440055 4.522476213005424 12.515411739563552
5848.816516634743 3.896721478766631 13.086460314850383
5852.34072188843 3.6923806216088777 13.481379421221634
5855.865380620138 3.9538850975715176 13.267998350540973
5859.390430501363 3.654693292534635 13.544202388969126
5862.91601222021 3.1047392614855562 14.013501578252283
5866.442007196777 3.089637123312372 13.915467841348315
5869.968434503757 3.5158228951842654 13.244125270777005
5873.49539153666 3.598799572254922 13.271151446235287
5877.022679690807 3.1557118950944236 13.85361868194101
5880.550528737671 3.375825010375803 12.893275707301969
5884.078781114137 2.864054194535512 13.723215558914637
5887.607416861998 2.676824058843519 13.411520141199633
5891.136530459572 2.4950175818398947 13.216906961988645
5894.666164815415 2.3113491354420774 13.296595675971954
5898.1961707725695 1.7579696968981426 14.203810020967088
5901.726623514865 1.6002105179156578 15.261688786501614
5905.257499483984 2.3440007605225306 15.060100867335658
5908.788868788342 1.935305378196256 15.8684025375804
5912.320611192968 2.303674114581031 15.509961320454694
5915.85289844735 1.7162022134033128 16.275118503747905
5919.3854822811045 1.45990962212622 16.420765952697938
5922.918598854284 1.6030845770344908 16.350789541077667
5926.4521471173875 1.814678547073177 16.139253717732977
5929.986074140953 1.827688229625892 15.709939985914835
5933.520516714122 1.9976914397609824 15.725868651346318
5937.055310671604 1.3778325674704583 17.00451786177731
5940.590546276636 1.1486590461007817 17.257798685747535
5944.126274818533 1.8610083178821637 16.30884946690175
5947.663017305769 1.973438196284658 16.5363544703798
5951.198928558851 2.0038832737912955 15.940102139518805
5954.735915667433 1.6657510501960398 16.658026524543217
5958.273333273234 1.6362064267216874 16.547228864250112
5961.811157532878 2.017775085090477 16.136334220783347
5965.349399303675 2.1174962801148545 15.957279701918049
5968.8880742908495 2.0491595426155507 16.351553895974437
5972.427175477166 1.9438242524293896 16.330883865306543
5975.966717745955 2.2675803956417884 15.843425241591529
5979.5066342551945 2.8164861509514103 15.076610278726385
5983.046984134125 2.864200982801151 15.061515019874342
5986.587795506933 2.9898153952500035 15.253595907455932
5990.129053391449 2.916671913577859 15.35366261135531
5993.670529333288 3.5407449755196425 14.802886796681856
5997.2126733105515 3.7985050830103755 14.076755136912015
6000.7551932973 4.217228928005436 13.552809181407445
6004.297952110588 4.470821729896147 13.631233929328099
6007.841381229814 4.515573579577132 13.429845395843373
6011.385090605978 5.46292986904534 12.5085365936944
6014.929211030887 6.140748934579926 11.978553532594022
6018.473755654457 6.4553356287114 11.764539694767514
6022.0186984882685 7.265508819036071 11.141864884467239
6025.56409202178 7.677016551627383 10.918133850248978
6029.110027625995 7.762683278173481 10.76629526515303
6032.656095440975 8.029814946764672 10.480039061251716
6036.2026250371455 8.793417922530509 10.063329032413685
6039.749615161257 9.16335659102485 9.842747163234597
6043.297030662694 8.78711744508225 10.045841875862061
6046.844810021822 8.457757024605678 10.292420644225158
6050.393061003065 9.113468243143585 9.868372008292038
6053.941693561593 9.22784996291526 9.916777723531819
6057.490928337414 9.111589015007192 10.147005123160312
6061.04014531156 9.204423450964871 9.861960808807016
6064.589965109819 8.875544669670768 10.17842261739523
6068.140334596092 8.253797933002941 10.511925294738003
6071.690815232511 8.10042370277385 10.763531880521734
6075.241814333733 7.958882720894486 10.725079577362946
6078.7933033358395 8.560824034522568 10.483137858046316
6082.345102380028 8.195427589055926 10.778880760577337
6085.897301135323 8.30789775330004 10.777282118754416
6089.4499568523515 8.182723700458322 10.77320360605763
6093.00300260537 6.989845393533464 11.845335576823226
6096.556389892573 7.311723901844995 11.46811898860605
6100.110183741654 7.215994344365983 11.597530849441272
6103.663497746993 7.031320992742316 11.69277576217586
6107.218930732065 6.81395844908042 12.01443905804515
6110.773930339778 5.918387790757856 12.88978096290438
6114.329320484951 6.5458604253235135 12.205150528146762
6117.88509664746 6.562141954758395 12.139424060288864
6121.441205579203 6.511514876449 12.180520145056597
6124.997753770513 6.257254824641959 12.61184484003573
6128.554757716778 5.717204943020982 12.964839979206332
6132.112017462554 5.142518962579365 13.522025076536492
6135.669699701059 6.007107535492179 12.764764437044825
6139.227804195758 5.854213710243036 13.045903010146972
6142.7862735288 5.244071788068172 13.499045164618268
6146.344699940572 5.3712303508846935 13.537724615963949
6149.904397112005 5.943471732827827 12.720606651530428
6153.463944977741 5.258377310008757 13.446289980293711
6157.024051636383 5.30781677845519 13.45602146912834
6160.584376790689 4.819584656877624 14.344599142360057
6164.146095296066 4.796861788714429 13.71962107323878
6167.706224458904 5.18080083814582 13.670201691841237
6171.267828451937 4.878907739988344 14.033135507860782
6174.829693543444 5.259669536598294 13.587194521573535
6178.392030392737 5.445856119152634 13.591485745963256
6181.9546537241295 5.187129986473963 13.752127034667303
6185.517651431981 4.474048020716403 14.741132873108674
6189.081114746882 4.751972680500348 14.38682076939832
6192.64488577877 5.1120926108274825 14.065157172041674
6196.208967265269 4.473386162293933 14.853653103129977
6199.77356346421 4.228505273113983 14.89340742201806
6203.338429598116 4.374387974099466 14.686008180304
6206.9037266739115 3.7934235613332064 15.674344896294867
6210.469331761531 4.336127238577637 15.098446830754224
6214.035382298278 3.75677293130403 15.963374608477356
6217.601726657744 4.1061391591087295 15.474336487119876
6221.168468788829 4.715252426677972 14.540234721771647
6224.735579825082 4.138672624569445 15.535360513088841
6228.303065075728 4.264662480747499 15.246537889169527
6231.870943663379 4.339064193906889 14.79127119326172
6235.439136455272 4.567210606310946 14.302334677938944
6239.007713169462 4.4750629021252895 14.267790830290144
6242.5774619096765 4.2802442073841345 14.675918334511021
6246.145951089024 4.121478765186814 15.093969145377772
6249.7152246291025 4.000444643821339 15.727159581539148
6253.285655111186 4.397980321962846 14.878354623623231
6256.856069001324 3.703345435976831 15.606533162932603
6260.426778628956 3.403974964396647 15.965118935195141
6263.99793331395 3.600197271998349 15.428351528113392
6267.569397845714 3.9393693367899365 15.149914362716807
6271.141266754652 3.755638648520065 15.849754668926186
6274.713446395576 4.3071104874645485 15.121135920562388
6278.285979163122 4.508647502874652 15.054682906353925
6281.858925747976 4.465386655643558 14.846826159962662
6285.432197977368 4.601997922187176 14.359365424162219
6289.005843437459 4.913267018530982 14.248143215727664
6292.579780550011 4.971473266697406 13.052736986601357
6296.154107061058 5.419372094090812 11.0639773857868
6299.728790221659 5.214586896720449 10.93863330376151
6303.303909674249 5.890961318039407 10.564847921958483
6306.879220874618 4.967738309548057 11.097258840935794
6310.45495158955 5.193082311369441 12.20150387671257
6314.031098165996 5.059808854529023 13.952902692860178
6317.607487679246 5.573969136937745 13.648605801938945
6321.184373123635 4.702050514153186 14.93558118750862
6324.761478894666 5.489023858495333 13.684427860974353
6328.339746932543 4.873885639270052 13.618346207572507
6331.916807435974 4.9700603420472955 14.300648642526973
6335.494986439496 5.261867460835683 13.896440894203359
6339.073467485326 5.155906013111343 14.328850070457175
6342.652382113606 5.654393157839567 13.832219298806482
6346.231592977461 4.7285780088596425 14.77992175711568
6349.811140058956 4.6792564081291985 14.844369519874125
6353.391100496688 5.141403132083126 14.039058376222373
6356.971376042773 5.222144184685118 13.49940575308402
6360.551835359352 4.599309828692184 14.003902636779447
6364.132899067593 5.14273230007645 13.176437135661498
6367.714173800109 4.950337575534362 13.586029344699016
6371.296264921201 5.853478891443591 12.181491717506768
6374.877750650137 5.322441376326972 13.817683096156898
6378.460095131567 6.3337930007409495 13.118596990657702
6382.04273488532 6.359772196200521 12.915513660481617
6385.625722236245 6.9752882299128665 12.340279125461732
6389.209033199445 7.055175016764036 12.409318155776255
6392.792708245854 7.2344574467994835 12.418868534915573
6396.376653761315 7.623635479617338 12.071930391147696
6399.96105786469 7.542846114034237 12.199288875445719
6403.544927515884 8.097875332486103 11.70128576008741
6407.130689492907 9.04439811349986 11.078966676268497
6410.716091458757 9.361860716663292 10.767981567404352
6414.301757461521 9.772629459487394 10.613112564249217
6417.887905507742 10.10065926600833 10.487769402877948
6421.474069146444 11.057754752604177 9.882578008457875
6425.060775683962 11.161083178592062 9.712071473169669
6428.647812661293 11.270796849163542 9.671463704221154
6432.235199836296 11.349184385589416 9.702226841222071
6435.8228704063795 10.773805999985822 10.09479812280547
6439.410818796811 10.416376676361395 10.302807531417011
6442.999166486869 11.052022007334905 9.825042608322724
6446.587829805814 10.8921091262062 9.979504728348497
6450.175903072308 10.456570729097766 10.162141448264283
6453.766153460387 11.42541481912624 9.634930317142564
6457.355816523192 11.834148571854447 9.496528833830636
6460.945727825617 10.957946859328118 9.787503970358955
6464.536015528324 11.822900518984158 9.299395746904692
6468.126638252331 10.722209312860544 9.834212939433169
6471.717613171115 10.774967258310426 9.803865833106782
6475.308881425564 9.926346196634986 10.381007325190934
6478.90050715091 10.58262139126964 10.079707173180964
6482.492403446368 10.094806738649906 10.326986115018846
6486.08470822082 10.114294801299739 10.724104184349128
6489.676775164051 9.467123968058953 11.348259523584106
6493.270110737619 9.492032502510284 10.89996618702433
6496.863270030067 9.896365716407315 10.498681751269784
6500.45683286002 9.385107821516597 10.859809581770765
6504.0506310153105 8.940608876109655 10.953500090924472
6507.644858801176 8.403160821646745 11.451348286443269
6511.239339764053 7.988942843123371 12.07298343428342
6514.83413809903 8.788889455967205 11.484480749889059
6518.429204240189 8.420638315403378 11.84302340749795
6522.024704849144 8.76041151651565 11.555997512680932
6525.620448169398 8.556763378471002 11.78682455579899
6529.216608422134 8.362476806682738 11.572870055966062
6532.8129283629105 7.645217513303509 12.226453318130913
6536.409631505614 7.212361885381651 12.685771214969646
6540.006705561219 7.738878783996132 12.181186044773298
6543.604032490272 7.642003275847565 12.403682870936622
6547.201656129193 7.055436653173978 13.007578061591852
6550.7993204043905 6.614601319893017 13.209703889367484
6554.397910001717 6.800217351685249 13.017122061056982
6557.996529795857 6.624310356755137 13.130751361672688
6561.595838685185 6.8033335477937875 13.364257407545782
6565.194672528357 6.588754620285586 13.553039971221516
6568.794200938435 6.572430017091399 13.748194182698498
6572.394008638068 6.394039719296672 13.769171626624088
6575.99428644331 6.249353987759054 13.745572845005453
6579.594655407307 5.840180648023586 14.151648489753905
6583.1954489972895 6.001408692009776 14.077280070065115
6586.797520173417 5.752343453018439 14.650566390396264
6590.397887842206 5.808586090772737 14.777675627785188
6593.998983784931 6.43279720549752 6.693697177343764
6594.000107190947 5.982559321367664 7.6569954439972525
6597.601686334127 6.267368262958821 14.08252263590008
6601.203958139753 6.522723281096291 13.913403711859823
6604.806599325137 6.35720403810308 13.961846799073975
6608.409453339024 6.505671760225032 13.842820325749946
6612.012836971899 6.832602712545646 13.820066839437763
6615.616616839618 5.7029825417821725 15.454709666613125
6619.220423668955 6.333085424929115 14.885162409384597
6622.824574533752 6.038680777043394 15.102439174776084
6626.428722319914 6.010165958325668 14.66331628667377
6630.033469196361 6.599631163397403 14.099936956066001
6633.638532151415 6.204421851942515 14.503664312176795
6637.244804588005 5.890269739008478 14.750357919325792
6640.84879611492 6.308760335628138 14.351489237618111
6644.455541441289 7.551320852511545 13.30628948838406
6648.0618218497575 7.5711976821053355 13.048375350675014
6651.668345512173 7.723276098734529 12.877763051994826
6655.275296473229 8.496981755600855 12.32354809368662
6658.882381498799 8.3427161160838 12.490531792790927
6662.489932801597 9.485279929621495 11.614070449424128
6666.097725273064 9.301422768935145 11.628647968051524
6669.705758515413 9.224599437519108 11.777885351065544
6673.314203049308 9.613300845093494 11.578757531941111
6676.922837425287 9.262397888494851 11.783425238260367
6680.531872541114 9.619198140068155 11.633493898149966
6684.141120967862 9.799862921631293 11.309655109015159
6687.75071301258 10.111066056415972 11.178930848023729
6691.3605691686425 9.60126878804088 11.546372238453094
6694.97069141583 9.822465337227616 11.475514036366304
6698.581193209903 10.579509744171899 10.939569067442555
6702.191942946789 10.877748746226759 10.649924221090652
6705.802945709034 10.88551455516916 10.80279731797531
6709.41428035926 10.843267090973633 10.577468403783454
6713.0259716305345 10.741421637628871 10.762996013385914
6716.63792869918 11.049462043020359 10.51555254949516
6720.2501336257255 11.05523701968328 10.542913691278684
6723.862666782039 10.609026005491076 10.896924287907636
6727.475559628251 10.505267321378703 10.809762589386715
6731.088632397468 10.901150914839484 10.631342962561616
6734.701969014431 11.646871137902437 10.09975478639057
6738.315713699736 11.546187835276465 10.126554561664339
6741.929623884331 11.895647640186729 10.045995077387664
6745.543921193516 11.26851073828442 10.521644215493781
6749.158416248309 11.363252604272915 10.468897156404259
6752.7733409694165 10.503968329178816 11.066852116292107
6756.388483126689 10.739137837460657 10.783597368920873
6760.003895696887 10.494751999843421 10.98285179900705
6763.619612830871 10.206654534138057 11.107858957978273
6767.236240455661 10.036632814454888 11.417520283315266
6770.851907291558 9.598726351626715 11.765489765440693
6774.468523708339 9.669227483263482 11.557751722991274
6778.085385452997 9.44961404782142 11.825041679295007
6781.702129887061 9.185605209596527 12.110178060765048
6785.319930489892 9.2148942087302 11.974975229107033
6788.937260083805 8.989303645219461 12.123928406941113
6792.5557255844205 9.25450174305578 11.916789347213912
6796.174513051504 8.363885730067594 12.823071150536732
6799.792188045716 8.981228134653563 12.399468442983391
6803.411396689294 8.4929296808127 12.56996069433415
6807.030577681557 8.382200931988699 12.61835422489915
6810.650049467023 7.377657795723546 13.671624105861628
6814.2697840826995 7.807709531846235 13.254876862452761
6817.889595200142 6.932914695832008 14.35602958988916
6821.510038922924 7.350123114843229 13.447676798609939
6825.130584190734 6.553218198595951 13.687988550203087
6828.751422167052 6.779146612993761 12.893233110195233
6832.37261676094 6.368747889770902 12.953885635848703
6835.9930955925065 5.739830990307917 12.772329247628011
6839.615610445451 6.635940052279505 13.034709391050821
6843.237710677125 5.968509114960169 14.525601225664849
6846.859907481237 5.948377466415104 15.006252394808046
6850.48243788917 6.111132093071469 15.16516858940511
6854.105333175443 5.9705844002201385 15.263423251297878
6857.728414663447 5.8797886211209445 14.352144722463315
6861.351792607616 5.856582205131446 13.806642969169276
6864.97540635076 5.3641854576161565 14.56404255858425
6868.599471043121 4.683325452121154 15.49185485557326
6872.223667203589 3.6084655463353674 18.13918631058364
6875.848217004509 4.288992261884848 18.52884156741349
6879.472958318733 4.187611602723331 18.70150889314699
6883.0979559067055 4.234453898510397 18.257796784169575
6886.723287627319 4.4938367406957385 17.370725646090957
6890.348943441502 4.849484693731963 17.204502812027187
6893.975240601309 4.556351570763605 17.80746614662494
6897.601040418507 4.158539029421493 17.970448115402093
6901.227876111363 4.128584688262948 18.411131277232062
6904.854198153122 4.068888378633493 18.297301955865528
6908.481143918687 4.130200603516688 17.454570639995254
6912.108502272795 4.380374033323407 17.656160616642303
6915.7360426012265 4.075848791282156 17.753955571696302
6919.363906038326 4.3760505950319395 16.686361212154846
6922.992105489663 3.8611108682388893 17.73718111579312
6926.620396507749 4.018450938212701 17.69672197698909
6930.2490898420965 4.014458663188924 17.58756500149687
6933.877953387114 4.152502037244003 17.56277154986223
6937.50719731687 4.390597145595285 17.50064292931134
6941.136723568054 4.228215992136036 17.487544976408
6944.766535905023 4.101291712879536 17.035948234477086
6948.396523096717 3.9545563647563724 17.029783113939118
6952.026842622022 4.493589685973192 16.344180033698173
6955.6574176040085 3.8418793667507503 17.434033756077874
6959.288337568956 3.848029411491675 18.001968486607336
6962.919506528411 3.9518446742024076 18.518401279143944
6966.550802290954 3.767411697653654 18.798177577077713
6970.182602249257 4.048106910847954 18.050322043824202
6973.814442735286 4.0493248865249045 17.23002534813376
6977.44675614562 4.1492935304078085 17.61943850226356
6981.079214769178 4.19823698723448 17.699505967270984
6984.712057567868 3.667223657894769 18.641661310916316
6988.344967454781 4.166181636803285 18.09529350387645
6991.978345844193 3.832369971173068 18.970133397136294
6995.612013727025 4.250014263962066 18.133339031906875
6999.245876806349 3.8517419224460756 18.89715832992498
7002.879948034528 4.50418829952718 17.869118593700726
7006.514372405321 3.706618476657068 19.10420174031986
7010.14903866009 4.073816792364951 18.529358581664823
7013.784031952488 4.179337609481331 18.613558866952552
7017.419131106261 3.9458885957100818 18.579200970277387
7021.05476037132 4.021494214792311 18.945445808933965
7024.690436147788 3.867867742809275 19.496180272091753
7028.3265441361245 3.7651005610313057 19.683341888001266
7031.962831772898 3.748162181798582 19.668288318311838
7035.599384763631 3.9392265422723405 19.499203739351557
7039.2362442515805 3.8222859051506815 19.736238001656407
7042.873374907403 3.774795713192409 19.466364517539542
7046.5107530573005 4.075102805356282 18.536070331057854
7050.148416065901 3.755735375896859 18.82518702281052
7053.786284814051 3.2456573800292405 19.948159506703337
7057.424485288561 3.7511736172159833 19.150082941034896
7061.062868668371 3.4629153740226535 19.98287546985407
7064.701425742151 3.7512044917090472 19.924315701902074
7068.34068082139 3.791787151253361 19.449870910031578
7071.979794615947 3.480315035857695 19.985796870352114
7075.619442813939 3.706137047470177 19.499064620060178
7079.259215976759 3.766562570698938 19.162948709449214
7082.8993058469005 3.7681860711963258 18.866506736425933
7086.539566545529 3.847474451210377 18.830899876505697
7090.180199182076 3.715584189720738 19.411812923351686
7093.821163699601 3.3841820642212737 20.173699738319698
7097.4622350923655 3.3053524220271515 20.60257195833626
7101.103579385983 3.637467805596393 19.7492654126617
7104.745257049706 3.3530646324934263 20.791096451093683
7108.38730218702 3.6482415910307315 20.12076803376412
7112.029408637818 4.097976266932164 18.671959605553255
7115.672021526714 3.4699360451284864 20.359968078123483
7119.314660535382 3.774672536180375 19.903139721388758
7122.957621357731 3.6260837219204496 19.779628148045145
7126.601688743614 3.130798909600146 20.688334101563633
7130.244372526372 3.6081603009722976 19.281951399015423
7133.888777191801 3.6953846442431693 19.69174794646477
7137.532334947823 3.957445111922499 18.545702814343215
7141.176631633147 3.6407611787709717 19.354294909294897
7144.821236700083 4.488707084784503 17.517324851791958
7148.466122825851 3.846016631059845 18.893474382654038
7152.111248884505 3.807063007239942 18.809186165810516
7155.756637139459 3.9377730714042083 18.998432543771383
7159.402329648686 4.273849496275795 18.570042927849443
7163.048183985517 4.294448851236673 18.286334686507992
7166.694462310809 4.424783776091033 18.67392897201349
7170.340991747365 4.309028381784589 18.749051805694474
7173.987585557371 4.040349005419105 19.459296745494143
7177.634609398151 3.883568112352584 19.924694475376658
7181.28180731307 4.041291231848328 19.6775100935774
7184.929335827492 4.419072073805721 18.680853305029974
7188.577203259697 4.2166750554570225 19.300649585345074
7192.22513459631 4.0708958054610465 19.396922626438172
7195.873511302209 4.172435943181183 19.5650650935086
7199.522046247265 4.1266952205386955 19.584943908596642
7203.17092444933 4.602926156708788 18.709088933221352
7206.820019063419 4.202612207761049 19.016930926604708
7210.469448645059 4.339757190388779 19.08862272697049
7214.119100810637 4.161341901616792 19.16369221124232
7217.768874276905 4.107653720927003 19.367744633919337
7221.419155977828 4.169384370540941 19.168646935625027
7225.069585115699 4.287072394120321 18.80764815319438
7228.720247541597 4.401422903328936 18.61277065684034
7232.371266021817 4.119200026520248 18.073143010857642
7236.022637936066 3.9221961455747425 16.57863976907041
7239.673920525727 4.418158003020916 13.947893359828878
7243.325662955947 4.035581590536767 13.910242968766967
7246.97765501543 4.411970406448841 13.515916233985825
7250.629925979963 4.284793006764642 14.66689030603936
7254.282422402203 4.8771517336747845 15.435430804402307
7257.935320758162 4.71994788204738 17.388082837751934
7261.590041836458 4.298744181850152 17.46655972400942
7265.241649036035 4.431797203106135 18.678211466722157
7268.895343182047 5.0619139629408725 15.976356565507563
7272.54922126369 4.563012071879954 14.148562083192699
7276.203268897404 4.719651737735706 13.923821789377627
7279.8577214796915 4.7983149105567735 12.709982147543997
7283.512293281257 4.699270444305594 12.948420428540484
7287.1672659218275 4.378317691040398 15.530964885688855
7290.822453528639 4.3923390824936765 16.51355243927248
7294.477925614262 4.3686354176529845 17.16833586681455
7298.133584341122 4.8187494183546224 16.840840795761242
7301.789577066172 4.197802804568759 17.26925120419119
7305.445846806819 4.680723051103109 16.79751497755698
7309.102313065433 4.035530328549979 16.397060958377892
7312.759028370735 4.67801483299508 14.400572534600162
7316.416135198198 4.478835740862624 15.186063284540417
7320.073505979486 4.2393721656482795 15.172776927549751
7323.731046196564 4.348868449516594 14.353112738604848
7327.388614519155 4.407444414934407 16.947142871174506
7331.0468053516115 4.518348897176482 16.46132073582935
7334.705235202744 4.157334909693772 15.004220283086918
7338.363811047193 4.068954466494908 14.343918082940887
7342.022713116261 4.785425781201048 13.8894951011942
7345.681874909677 4.111281860306382 14.652932482052048
7349.340285540745 4.754731245998744 14.725652239259245
7353.001001551546 4.598501451163138 16.937349143480137
7356.660924747713 4.843973740066561 16.445886541287717
7360.321023341866 4.903653128214669 15.910576385125959
7363.981582481354 5.49602020566587 13.555460111171861
7367.642234136839 4.838449846781971 14.456323275752084
7371.3033293922535 5.00559188879404 14.78127598977677
7374.964508124989 4.806284465408617 15.033647442739051
7378.625910896447 5.5419353710154216 15.2077699317171
7382.287950675076 5.540737662127645 16.646300225950956
7385.949911425239 5.7722760844004855 15.637038220913993
7389.612292737071 5.355957352462422 16.115631412523072
7393.274778428207 5.981490377405039 14.768678436113769
7396.937675246104 6.110810289028146 13.648992696231506
7400.600759925886 6.019414502589775 13.774667745344619
7404.264104668445 5.68308636179857 14.793900848216914
7407.927766131921 6.147931859160003 14.351591468143274
7411.591739535578 5.922003967866719 15.120922019781075
7415.2558033758005 6.402816780338104 15.240831588446934
7418.920271398287 6.475687818616443 14.98278144904744
7422.584950435666 6.448706374954293 15.056037134050838
7426.2499896420795 6.809742430441155 14.395919770339974
7429.915198568754 7.244084947180831 13.63120242413045
7433.58072390628 7.284855611162099 13.200812687972292
7437.246500570174 7.212850264846538 13.09750892468428
7440.912505193388 8.027823071647388 12.682605830097723
7444.578827966397 7.560066943385184 13.329264877721384
7448.245516313947 7.3966702159536215 13.817388867065617
7451.912262581683 7.083032492544628 14.565579062855422
7455.579353327413 7.138433890822185 14.336186394464983
7459.2465959482115 7.186331264968308 13.987453121817842
7462.914324111423 7.497904716730435 13.641568672490571
7466.582192536092 7.897274654335221 12.996185269047619
7470.2503427406655 7.793557988788293 12.920918162860627
7473.918149544158 8.340201988000178 12.270721714128829
7477.587548856209 7.869053773181345 12.386579720451246
7481.256520287281 8.275654228589994 12.245008841857219
7484.925751506501 8.09488844141332 12.587098434727121
7488.595166737375 7.874654565615629 12.7398758683902
7492.2649471770055 7.694051103812306 13.522988079412125
7495.9350450185375 7.6141216129630225 13.696128617003515
7499.605242244867 7.900341982084526 13.450995758317243
7503.275287031675 7.29271958889902 13.594307245865453
7506.946648313031 7.4622448528317324 13.988575728625422
7510.61782498985 7.5565707253287995 13.771176474379237
7514.289146626508 7.682590951324661 13.508357993983655
7517.960847132325 8.015528668681629 11.975304380263
7521.632685760992 7.481548683263749 11.787474194012018
7525.304794383384 6.831645804293998 12.333686651441173
7528.977346759431 6.404553256942188 12.64945932856057
7532.650055357634 6.846036042872533 12.986473807186911
7536.323054734776 6.697340126237897 14.109829204224672
7539.99618076777 6.395118516430603 15.014269404928582
7543.6699089954345 5.776370621438236 16.304481543394456
7547.343560713972 6.619391630315165 15.208713396574058
7551.017619496676 6.502529418022833 15.258700146210087
7554.691972168514 6.312456802343175 15.477527263925516
7558.366639413706 6.46917265250052 15.169951140320574
7562.041486150172 5.919050607695047 15.475915372347258
7565.716635232556 5.853447998812908 14.464043331872869
7569.391929493118 6.182159910906408 13.809490382900552
7573.067714647015 5.4132975347436405 14.710756894536521
7576.74355399448 5.309362090877882 14.633329365546809
7580.419975457245 5.887920179514749 14.23302283302749
7584.096324394823 5.121672355393826 16.380576381823655
7587.77324371418 5.636717587902987 15.613198432198292
7591.450203683347 3.919371386314135 18.926033031767634
7595.127570590958 3.130825643899287 21.29967162287328
7598.805179381109 1.9952594596280921 27.629280487222086
7602.482428542016 0.8168806676269229 37.27440123377588
7606.161125665336 1.0647523806461934 34.72261664705422
7609.8394286834 1.5769286014999364 32.44125185081647
7613.518258901247 1.9568065998495487 28.11381362411826
7617.196611244468 2.761166375569393 24.52640154257445
7620.87638235089 2.646516129733099 23.431902045029595
7624.555809448123 2.5923907854080603 23.146650322586584
7628.235731621738 1.7841995139040419 26.66845718036625
7631.915624419113 1.732149941420726 27.94955211584133
7635.59596584588 1.8900324986198316 26.70392066999517
7639.276709353974 1.764315060392548 28.97913834151905
7642.9573955403 2.152763686110493 26.566321918568136
7646.638542367213 2.0911440689526577 25.362123053276772
7650.3199559963805 2.2819300967390372 24.541015263105795
7654.001798624856 2.1486822867139184 24.416533346554946
7657.684501994394 2.657514744314807 21.884138482285252
7661.365926034404 2.2968832182146848 22.60052891259697
7665.048474452969 1.9203484261622945 24.219080589945335
7668.730772749336 2.053517762839833 23.60040621487436
7672.414312460778 1.82610678388693 24.248651432855304
7676.097640501716 1.9148786207324788 24.538439922236677
7679.7811908646845 2.0884630751964193 23.198036353949888
7683.465065919834 2.0936229448937396 23.07876393833183
7687.14941739996 1.8180850304074452 23.628581227420472
7690.833684858662 1.8296205758117852 23.25836117122335
7694.518646696139 2.3071697033156346 21.554124370335444
7698.203110096612 2.3152718075085077 21.88587036161974
7701.888855130039 1.8826804602886549 23.016639783111266
7705.574451003071 1.9143837815192892 18.806025513078005
7709.260338222965 2.0117151779481377 14.65920884383731
7712.947484177553 2.5342212686766334 12.973184343150882
7716.632820515544 2.207447270536895 13.259774833921538
7720.319469974845 2.025723749949584 12.738910024646325
7724.006577628076 2.3089545186129885 15.237650575256163
7727.69377291122 2.4526664080628318 18.15713705439221
7731.381352815507 2.7864186020517066 18.75082451768143
7735.069135675486 2.504980922707317 19.73815437094566
7738.757051437206 2.4526854141548577 21.02296208222873
7742.4456167354565 2.6945869255783643 16.614984717417464
7746.13428340881 2.9046047959518617 13.733033084375457
7749.823231443445 3.1310473767988203 13.232169819989856
7753.512452368457 2.6969942662040554 12.585674240795454
7757.201915599714 3.110162595025078 12.124056253426518
7760.8916780080135 2.9998450305548676 15.966494621199802
7764.581810783356 3.041255310319954 16.558445123735748
7768.2721693578305 2.7345165358995946 16.011178254957144
7771.96266589108 3.055831653169927 17.03835322664934
7775.6537566057195 3.3078066779641233 15.238749209717138
7779.344924818965 2.6485759344805877 16.531310944856557
7783.036556987862 2.796639884957612 17.14988742183993
7786.7282478284005 3.3133202631325807 14.730239039608515
7790.420381893032 3.0875637843545074 13.954662050409809
7794.112609753335 2.775325276437938 15.277157543246538
7797.805211510257 2.5790973332760796 14.88483441022293
7801.498266991547 3.4997885536814475 13.92285315642082
7805.191475912053 2.9284980697931737 17.0122151090973
7808.88500850143 3.387822894604161 16.61780741080539
7812.578797646513 2.797688849192615 16.057353566200447
7816.272810074119 3.3836464851498937 12.762362296991475
7819.967192691724 3.274734325272427 13.442201128289497
7823.66187492383 2.772346466140793 14.21508843050185
7827.356812123875 3.2841875926717656 13.828974458032999
7831.0521838088835 2.9509706166087084 17.901177782463083
7834.747551340127 3.010977354914196 18.511291453193966
7838.443429195521 2.758991324708809 18.434211975724022
7842.139476024634 3.050685803410526 17.843820578288483
7845.835753748352 3.498990982793088 13.968433213770194
7849.531426337745 2.9160693535960354 13.180313554102607
7853.229493713272 3.034851765581447 12.53778844804362
7856.926808592613 3.162821470247647 11.90564298928677
7860.624350661002 3.2827850722000065 12.209251875322034
7864.322222225642 3.065818260803925 14.056420534264575
7868.020037653168 3.1142656552431065 14.389298852901517
7871.7187895831075 2.731183106208002 15.755151966117449
7875.417506513837 3.093033224330171 14.209892764124136
7879.116588553354 3.013260604815986 15.105490275495393
7882.815753359773 3.2735159198537107 14.738590357290146
7886.5155157323625 3.238207511200105 14.002584744111118
7890.215446507857 3.2797225564614734 15.259953644425119
7893.915551147235 2.7962095215680027 16.41927905463071
7897.616159012416 2.9484472003825397 17.01456481931751
7901.316999190559 2.7795971112039384 19.68390098888846
7905.0180544289715 3.0697622240981355 16.305593742998
7908.719564923607 3.1195353148642124 12.38039104149572
7912.421187035993 3.183880240085235 12.133563705176378
7916.1230361488415 3.357744496094287 10.780966381903372
7919.825406876267 4.346650465567829 10.135388071405192
7923.527960770838 4.3549793271967205 12.04481379160895
7927.230907138617 5.2874771118046295 11.821531395634077
7930.934137745464 5.265615630816487 13.113583138561406
7934.637497235562 5.544390140241862 13.451544600426312
7938.341421058111 5.616701388477575 13.218820062610266
7942.045197432967 6.27827319949292 13.141348610361304
7945.749862715918 5.976126720353425 12.869601154460378
7949.4546568594815 6.107721303881563 12.90279429829758
7953.159450167832 6.195385554247007 12.91792233148776
7956.86478023069 6.700505116941149 11.14759863114224
7960.570452907487 6.415925593759015 10.653051682987908
7964.275181602575 6.806841501046956 10.224880899904326
7967.98247055396 7.2006944841395075 9.839477701985688
7971.688865839739 7.612400650338038 9.405243063099674
7975.395927363484 6.709608682681352 11.154590662756299
7979.1029710551775 7.8998356551053055 10.835706175815147
7982.810325638874 7.172674582364632 10.871918168559205
7986.518566736702 7.184586064336087 9.628160652629298
7990.2261364442575 7.3144741220115135 9.30264149100832
7993.934465947475 7.072705706212377 9.759532461589632
7997.643174783966 6.258497122261462 9.950545108864521
8001.352095479577 6.652146664409745 10.699401864660983
8005.061360657044 6.385076255560814 12.713145482209073
8008.770962890025 6.47153330927096 12.34445686336878
8012.480758121171 6.33688287793727 12.11243938281448
8016.191070838442 6.046708609521788 12.118990646202406
8019.901499620901 6.692454696987818 9.93362591312091
8023.6123672817475 6.141741744078513 10.497564796497523
8027.32350911501 6.1365814346348 10.559412963136452
8031.034967153021 5.762798049107025 10.921690739970282
8034.74630960369 5.642407729670208 12.572413515051727
8038.4588248671025 5.57258660471809 13.824209266403242
8042.171078073704 5.655604674207018 13.785749266401242
8045.883558262282 5.484650251687521 13.453912322534325
8049.596794434652 5.4789405456012865 13.58737767871485
8053.310164640737 5.1284444371035125 13.55781147768831
8057.023714906447 5.23461263996237 12.163392211029294
8060.737859034833 4.929142696064041 12.710360105572406
8064.45179482985 4.643252957548614 13.237494365181599
8068.16784936395 5.049912996449153 12.895176348068539
8071.881596332838 4.20557075480067 14.795268976589412
8075.596688483758 4.83507884232721 14.455895725889937
8079.312241029795 4.733237557365132 14.488768962796687
8083.02810549295 4.395291821459131 15.003210963022351
8086.74417239291 4.035420455906011 15.414218829256113
8090.460725522761 4.219696415667663 14.770841163790086
8094.177635010108 3.9726784102538764 14.812880088652046
8097.894655561685 3.959649996392604 14.607214364286596
8101.6128074519 4.548497270344643 14.14523326937948
8105.329983313644 3.9559735477239997 14.794404928611055
8109.048052565771 4.14088745711237 14.865963527597206
8112.766454639572 3.9429366617832318 15.266739743406685
8116.485106535757 3.99311716679356 15.75388848025254
8120.204176877034 3.6078912599835378 16.234490001471553
8123.922742657146 4.062330729529028 15.484681408361903
8127.643326979143 3.8729180873527693 15.987792277212339
8131.36334357568 4.255147921528293 15.026024140705132
8135.083848835056 3.9203218168282095 15.297255018047275
8138.804401235482 3.774634294308079 15.763870802926577
8142.526225249848 3.9216034630659435 15.08178277360492
8146.246806595966 3.7912693868589034 15.492749269270504
8149.968483091011 3.5717919478355014 15.361567008325144
8153.690536247019 3.4401620054088378 16.52942094684711
8157.4127820166295 3.9628788832334534 15.761551785576389
8161.135514542278 3.800390377629557 16.015212563664644
8164.858504365459 3.498547886176959 16.608938578990017
8168.581896166357 3.562774061231764 16.252237650925263
8172.305389685689 3.3543712636862577 16.999773542513765
8176.029389190882 3.2378065708887136 17.118332280762438
8179.753793778429 3.7107587491924825 16.135780951151094
8183.478319129935 3.200001608342882 16.96005211619064
8187.203365013854 3.2827534883680043 16.745467413806377
8190.928852123842 3.38598673556461 16.363700522950612
8194.654471252494 3.777085564670733 15.707871206817892
8198.380388104382 3.6775040706299404 15.651662268001596
8202.106704090895 3.4387411071574037 17.134871512685606
8205.833371130504 3.5585914975509536 17.21791684566355
8209.56044541958 3.8280872369930354 15.544043073184191
8213.287516703303 3.3375519952551906 16.464817210821852
8217.01542532236 3.829057164569933 15.44304544985973
8220.743390872403 3.3716778616245127 17.335670698417335
8224.471755539429 2.877551852620789 19.471299077514843
8228.200434176866 2.849644823842275 18.912488314950128
8231.929472715958 3.341030756931084 16.80511302637402
8235.658810359413 3.2831619152853073 17.347218864775165
8239.388789728462 2.928660710601003 18.78277302546996
8243.118632210748 3.3284010235717347 16.71524846015787
8246.84913716136 3.786469017314461 15.579268524185927
8250.579841057046 3.1681409337860975 16.738921371955634
8254.310818901737 3.5026728301278505 16.507900033017
8258.04232732949 3.470228208254127 16.72577781048878
8261.774194779327 3.0420139061181413 17.685944894192765
8265.50607022911 3.3544927773505266 16.795300657933588
8269.238882003214 3.004941065412107 17.58299725731825
8272.971620854989 2.8489657863603797 15.470893247590558
8276.703777914754 3.2636999532523654 13.381039856433004
8280.43829632833 2.631106250734883 12.287936326497901
8284.172153126487 3.171129496416746 10.331186579906747
8287.906340825319 3.0287198638337753 10.382446085904073
8291.640955335852 2.7535438266773764 10.067176940214965
8295.375721615723 3.661647295536261 8.996063484099773
8299.111183456695 3.079452249837576 10.925087870407589
8302.846761946528 3.079911329390155 11.04209848058392
8306.581664396188 2.3924250300821184 11.487529833274984
8310.319082565557 3.0239185849976913 14.929092643620313
8314.05581859048 2.7666521854780926 15.555327953809952
8317.79272615414 2.5754936037679244 16.420074383322703
8321.530280950974 2.634203099357628 17.57599148950522
8325.268096113166 2.523684145894134 18.29168630270635
8329.006168855307 2.434769608365719 18.80320196870988
8332.744639248662 2.663585668088926 17.838438092474338
8336.483442574547 2.1171641988913343 13.03276217209379
8340.224471251686 2.236470589441762 6.25811837249849
8343.96438379546 1.6619322049898606 6.360766666075238
8347.703993455869 2.42519622701531 5.140841265945045
8351.448751317854 3.632905299459167 5.044781731541104
8355.189594402036 0.7955505131714727 8.834510815828015
8358.930244981217 2.6165803952301228 8.601175727963486
8362.665347645432 3.095933870607662 13.615709170170543
8366.407050487003 3.281554582214188 14.936651828211517
8370.149259393826 2.8892945541838593 15.38731895266387
8373.891335615197 2.8617797524758766 15.381109321322377
8377.635010994862 3.3351918755220393 14.166082720448443
8381.377603247609 3.4543738897543546 13.613888394521753
8385.121223051501 4.232121292783837 12.372237267762744
8388.864076175116 2.8645265582848936 13.001452701629981
8392.609427504785 4.222697445059869 9.886914291530015
8396.35474062995 3.233125026687975 9.858942539308941
8400.099251087988 3.759826785792385 9.49602784910036
8403.844188849953 3.4956685038318795 9.537572384269183
8407.59034488629 3.967077026030757 9.845417748217534
8411.336539376107 3.0032169719311006 13.338983861044161
8415.08298600478 3.4609274115168533 13.173871908338851
8418.82991248175 3.4289259169250608 12.785278598672088
8422.577185067825 3.7750936587320956 10.170812851809512
8426.324737487357 3.5845012975506387 8.740607500108215
8430.072936500099 4.059265246794538 8.806081915729782
8433.82119926983 3.415107472149036 8.931025994028278
8437.570029368853 3.4761611170913853 9.812429317573196
8441.319168344045 2.5993599621003227 15.556731400019917
8445.068815486444 3.6324060759272054 14.460732740176988
8448.820018496875 3.3223747642382224 12.927833362732537
8452.568797778738 3.0188386020146813 14.060156742467404
8456.319625589644 2.2945169923030484 13.740532167029846
8460.070638856032 2.420219493755218 10.727062446689933
8463.822276759889 1.7668078952721014 12.095191821939196
8467.573847235397 2.197724304698709 12.071209385626359
8471.326277745295 2.138892823283553 11.8689615529373
8475.078852367602 2.0280813544091383 15.700812607903913
8478.831424481286 1.909902067124965 20.542363582737924
8482.585194694499 1.4359743381531718 21.327908725617988
8486.338966824005 1.4566688604008216 19.967087290195863
8490.092996364892 1.0428081254279238 20.059047604399073
8493.848777152758 1.7990087250139968 17.217200431853513
8497.602581677877 1.0288763896274555 16.7165833354835
8501.357771616553 1.2725830665383573 14.579696219198784
8505.112632831806 0.7430494886154331 17.427624102431054
8508.869581714353 1.3082192788937086 16.06244810101219
8512.626176579814 1.066435327301293 17.409373448874515
8516.382773101894 0.5712019444091871 23.666366663027937
8520.140259789794 1.0620141009109776 23.07831270979063
8523.898013624139 1.1133416328081767 22.549644656862828
8527.655931547146 0.8848027263204803 23.588282184497455
8531.414481733691 1.1450327915719898 21.38121580386104
8535.173309039197 1.1014847173668405 21.541806676327845
8538.93266318372 1.3626258402520008 20.80633299523743
8542.692276326094 1.141960527635168 19.342565230387688
8546.452319056767 0.9103122840818035 19.77915621609687
8550.212839290229 1.0748235527459469 19.8754865124777
8553.97392120909 1.4647646401491747 18.592810678728203
8557.734819366578 1.3979319830940418 19.938880668196155
8561.496611148727 0.7586531822355559 24.47933993605154
8565.259113339227 1.3354731932930808 21.894090735353217
8569.021206062167 1.4177867973916929 21.546038526992522
8572.783972082767 1.2255155909722606 21.647024440342896
8576.547288137248 1.22600798377421 21.768519263146356
8580.311045959917 1.2369006465954584 20.895620280911356
8584.07474814942 1.5449457927114345 19.890346887167834
8587.839624881002 1.154424114000864 21.10017125651527
8591.603311025092 1.213435585597008 18.159943616920124
8595.36981062028 1.2476098820686727 19.690514704753273
8599.135663562456 1.5933467538582549 19.19695148023018
8602.901803471223 0.9961125803719569 21.517050219264902
8606.668067258095 1.110565920576469 21.164875204885153
8610.435276450089 1.6162164823057932 18.612106250158245
8614.202839413501 1.500384002972466 17.587095730730585
8617.970603967902 1.2811396522627705 15.748083839340433
8621.737925491138 1.5752443959746851 13.028071119669661
8625.507407267889 1.6838595307312998 11.848953158207209
8629.276525751067 1.6717220221944875 11.409369361890725
8633.04602126146 1.6129919669053054 11.113088130431102
8636.815813230989 1.3705835524121397 12.14720686515837
8640.5862992561 2.236687035497653 12.272648636910786
8644.356974925839 1.934900570317757 13.177724440850026
8648.128086857316 1.5479874201334807 13.30719357282743
8651.8998100819 2.323654501799942 11.637563633400333
8655.671531229766 2.4055642955740355 10.600890246100807
8659.44413852482 1.6122481129503703 10.77682715162737
8663.217128133456 2.2671527669379934 10.308617529310181
8666.99122583254 2.1147612881848894 11.000729115273929
8670.764136937622 3.027036172152961 10.481664736575171
8674.538326303547 2.9470175879916294 11.221861937650761
8678.312732721584 3.3754243256740946 11.6270077149627
8682.088067838045 2.9694319778655847 12.57730299154113
8685.864591203417 3.466275395075645 12.537941682426048
8689.640600471472 4.031359430752112 12.078974758417456
8693.415489291554 3.6052386280410698 13.256015655989243
8697.192321559234 3.8665894595634462 13.151016248702016
8700.969324106312 4.627071544430956 12.091676658595448
8704.747005666151 4.411149993178412 12.572114838383113
8708.525215891734 5.134817567119896 11.478967647822923
8712.303692601892 5.6743211748620865 11.029621716667414
8716.082607810966 5.916936972490581 10.916625314326076
8719.861871902865 5.954920120695436 11.048769661627317
8723.641592180738 6.358011573869006 10.670944262837292
8727.421983035152 7.548066795326641 9.645772489486324
8731.202529977409 7.050118883661299 9.994374774692321
8734.983871649103 7.346351721614994 9.552624973294732
8738.765248231723 7.687660588348861 9.140263553401347
8742.547273077644 8.094223349358266 9.109493981816783
8746.32969159412 8.529123876376177 8.747354894285326
8750.11341371659 8.135856138301838 8.991932581326985
8753.896002218922 7.995207427339955 8.01941655715892
8757.679712171079 8.503004313613395 6.681219207967858
8761.463949819208 8.443552344129172 5.724818980422725
8765.24877840951 7.605177098314287 5.22357620836259
8769.033916261722 7.803573467353455 5.1764195089802705
8772.81955737753 7.707883318393319 4.903377351701973
8776.605710910626 8.093256292452637 4.777207560527427
8780.392038438828 7.968872722210548 5.708630756700994
8784.179045399329 8.7001682347202 5.583340630136421
8787.967305829081 7.498896437382659 6.298334740501272
8791.753232387988 8.197652144490007 7.330914210958377
8795.54274788661 7.348149379389376 8.14615017394469
8799.331481698266 7.16660021364038 8.271696043532211
8803.120795714918 6.632380221243939 9.400131028585056
8806.910702207013 7.051066430314714 9.221659864348364
8810.700753699932 7.517237958960819 8.732879455907161
8814.49129871531 7.5210153054666415 8.838208464604506
8818.282413227254 6.718855853246465 8.74579709392786
8822.073839943158 7.805733111832684 5.4739964148747955
8825.865997481076 7.4468920408361665 4.3587853597612405
8829.658462447293 8.858586003037866 3.9439210624915537
8833.451506401838 8.99153032216242 3.5284564739724713
8837.245115479447 9.14162657700727 3.863520166898008
8841.039007584432 8.318809373672387 5.587544307779855
8844.83327554208 8.905515071460842 5.705935881777712
8848.628133843164 9.22092358537385 6.286131192530877
8852.422878419467 9.754301080073743 6.770769515147296
8856.2191853072 9.755120017499445 6.4923677617428694
8860.015009604173 9.690125967116346 6.831256753366148
8863.812273363386 10.574454419429815 5.878897185854897
8867.609282442338 9.645227425346832 6.00302756206944
8871.407165444238 10.5463700089993 5.75124150317788
8875.205367410872 10.569509788549286 5.823798323540823
8879.003835350179 10.812251430791434 5.602832019580615
8882.803200794302 12.52754903168622 4.22472510223257
8886.602721012938 10.77947775276572 4.19750105794791
8890.402762785156 12.086825548667061 3.9589998028570905
8894.203578931598 10.965557492253478 4.147385015908015
8898.004487508431 10.700090428834985 4.809271795247947
8901.805551810694 11.700664784549028 5.2195528673669065
8905.608213483949 10.335677194828728 5.40889549417336
8909.410596186546 10.798651033896558 5.330689044826054
8913.213575608268 10.094528720461314 4.996449616147139
8917.017133589552 10.83658015087183 4.06259620478939
8920.82102933697 9.584451277217056 4.081008262838225
8924.62563486306 10.814290843497865 3.9070743495677456
8928.430558896636 8.442688099807478 4.363452283619521
8932.23621931413 8.374213701447005 5.4941441715539145
8936.041998093735 7.972293321099758 7.192750850321143
8939.84871855855 8.66557464153575 6.359728532703828
8943.655539439704 7.423338302451986 6.369895072942456
8947.462874349445 8.030009367715001 6.158185655978399
8951.270892730188 6.893246420305149 6.434550458944055
8955.079408015541 7.722862440804566 5.095345096009
8958.888328861518 6.37267499068521 5.276113676901759
8962.697833848717 6.666284652275155 5.166543195976354
8966.507835916069 5.586117616383409 5.478826701612019
8970.3182891617 6.545267152138596 6.215255472192857
8974.129333154182 6.545434378471226 8.096967828527951
8977.94082481279 6.450709558074596 8.097682141098765
8981.752736158796 5.70687597593634 8.437311222651049
8985.56519065032 6.366149889343776 7.41888177451831
8989.378155841785 5.452503757635368 7.61801638136275
8993.192040806069 5.965552784598347 7.293531342043689
8997.005848661642 5.058999134534284 6.936783178531592
9000.820224313178 6.131763022158577 5.912541920303158
9004.635216158496 5.833637326991114 6.346097593348442
9008.450944032043 5.472479106563535 6.680351697436269
9012.268582275023 6.061026366630988 6.4848590164845445
9016.083841021622 5.560155442289489 7.949622458745841
9019.902269293527 6.2641105404978275 7.815919847266248
9023.718472813707 5.460594245751026 8.660776998047496
9027.536554431805 6.332142331367649 7.952586275538608
9031.355520822905 6.0127909197803655 8.113597818883
9035.174466238204 5.67497142729471 7.99639680057569
9038.994193071348 5.7854578637467915 7.5692138094455315
9042.814593910332 5.758942399548387 7.367763414374795
9046.635301284836 6.144382237401721 6.59826430084226
9050.456607541113 5.084131230942309 6.905074997095354
9054.278428896596 5.184906246052257 7.039477692141515
9058.098366528924 5.068274581562992 6.7046895162133024
9061.923790644423 5.6077865295267095 7.176662339298814
9065.7471665743 5.1244621497560106 8.212630988726126
9069.571315472096 5.240892448800526 8.087483409711082
9073.395691826976 4.469992353067454 8.303049379861774
9077.220629194895 5.062462283584802 8.024257276789651
9081.04638782591 4.626425543306095 8.431167738342015
9084.872511407324 4.721819683516887 8.455496559699611
9088.699102911556 4.099545879403595 8.755346907606123
9092.525180984769 3.801066423748367 8.934134043214934
9096.35427463015 4.253551580159926 8.184008156599374
9100.182409591702 3.8721002787715415 8.138383239003655
9104.011219399199 4.773853435502452 7.26498639988647
9107.840311811038 4.168477443158043 7.907011820812553
9111.670618496482 4.177567172731235 7.872165596908181
9115.500961751475 3.459322771511012 8.913389667237174
9119.332076251012 4.444230085700053 8.437554746416065
9123.16350665717 3.788168602911776 8.780339665339213
9126.995894214415 3.8882448164848378 8.700307608152803
9130.828163476046 3.7721832381613773 8.822329135303434
9134.661647347395 3.2513601314842977 9.258382441931207
9138.49542563552 3.4097628182450053 9.207349377559662
9142.329856651522 3.3646881368782044 9.374401699016547
9146.164743943827 2.866378835245434 9.478636323812887
9150.000779982578 3.587210727075797 8.30770190249197
9153.836080556697 3.625235743692833 8.1807583566525
9157.672819383231 3.483048866432819 7.8966812894515614
9161.509759309516 3.2866175295535633 8.1248388115641
9165.347702175428 3.4285327842833113 7.8286450876886615
9169.185837774721 3.105682677152731 8.290278706830664
9173.024705627256 3.8255924913585773 7.809856686120952
9176.863992742694 2.8219446989048618 8.636755925076324
9180.704172994738 2.755078866172139 8.979703464357009
9184.544662233926 2.691414787803045 8.971032231455295
9188.385704779821 2.3574066486667054 9.14865032377447
9192.227470836646 3.699263059136738 8.007954503569984
9196.069690994942 2.5719076603823314 8.954326586068893
9199.912521046588 2.931050357053972 8.408159753458204
9203.75595641747 2.5913096280317136 8.915331153108243
9207.599848174192 3.3936816095323854 7.8078754944384485
9211.444633244404 2.711356486358288 8.46783573565511
9215.28968334659 2.8055427656394323 8.269045042773516
9219.134235675028 2.4612128506894506 8.481949076236637
9222.98164421504 2.4941128600595524 8.443000497606212
9226.828394978489 2.9500790901160583 7.554079918610358
9230.675964615431 2.8543212589788607 7.576224986387944
9234.524081500156 3.177637945452661 7.356651290273733
9238.372728322911 1.9592000359138497 8.407610659667563
9242.221840507116 2.059677336504318 8.304828090267963
9246.071495315926 2.2198727687672357 8.50468946652399
9249.922123618631 2.4236067020426373 8.193086427677434
9253.773113885309 1.7654001592310096 8.684578375942493
9257.62468868526 2.391321848866514 7.95749346114087
9261.476922968322 2.5672035783425873 7.600457565232076
9265.32959370278 2.5930524085313653 7.1589966750966445
9269.183052359062 2.571221149225427 6.941537253835189
9273.036916502451 2.953896004985181 6.984783037046131
9276.891600323657 2.2572331945653734 7.504575411686918
9280.746856409056 2.9083640857454998 7.078809126297479
9284.602390595748 2.804188526252712 7.452674954018017
9288.458810945738 2.369723338505041 7.4893430790086315
9292.314793481924 2.1462984255726423 7.427077081451899
9296.173400677084 2.414572048415812 6.784860983593057
9300.031642374031 2.0240458459442694 6.992871943801546
9303.890342553132 2.6848821163808547 6.284436358405186
9307.749846311359 3.1547403984111786 4.817759601108529
9311.609729921032 2.170627070217081 3.844042576370716
9315.470325893186 3.0477007017616096 2.8354895661987385
9319.33155564143 2.4845929947792382 2.544276932763913
9323.193255030475 2.2542779685588763 2.454571842700264
9327.054547314028 2.299609109194355 2.302279180401266
9330.918876686923 1.6880014164926038 2.9453851372771997
9334.782721616637 3.4807980537785235 3.2160020997039567
9338.647083161759 2.2257814301730203 3.741752861771126
9342.511963124663 2.4685021839006684 4.479885006529037
9346.377474011846 2.1701544295853052 5.447264790122098
9350.243659321986 1.9872527749857805 5.426579901849391
9354.110542812312 2.521298920055234 5.402094515045395
9357.977990187183 2.029625599724592 6.108298824877755
9361.845955728955 2.3335647195969726 6.108280731646323
9365.714775051501 2.711546339647898 5.8048441982310255
9369.583895890064 1.959261116239659 6.27741698520046
9373.453869411156 2.8418319223443294 5.071504188590715
9377.324439836964 2.1488512425698825 3.071388678779095
9381.195707864834 2.0649213529401873 2.0277430256581526
9385.06903585944 0.8162789481391318 2.0135582593082364
9388.941537936907 3.2013356352918216 1.8446376017305246
9392.81303938836 2.3053782507501093 2.3448561136676247
9396.686862518281 1.1415800629389128 4.575355131570909
9400.561419964526 2.698697679667312 5.172798605416128
9404.436150029598 2.069515687001176 4.884442631074339
9408.31195824856 3.158595662946541 4.184216424771821
9412.18839140094 2.790552261999316 4.209989080480206
9416.065324687712 3.3247195599336767 4.068765306484879
9419.942795768971 2.937770578304108 4.188099177471699
9423.821171024469 2.2014874738638475 4.120466711567139
9427.699979323721 1.4567385392562193 4.0632608404784065
9431.579555246106 1.7878880053410469 3.863194395044605
9435.460097859926 1.8972201279650152 3.820972890416805
9439.340561589492 2.8565332859305332 3.6370101854667825
9443.222091677033 2.7936872726142306 2.758880125195649
9447.104407068702 2.4420969002847714 2.290292595140847
9450.987281148464 2.270767242754448 2.324265354668857
9454.870800384662 2.2361716440961508 2.3288521114990415
9458.753621196294 3.8026913526369257 2.5034205409698536
9462.639658520582 3.737261181600106 2.9987084903687062
9466.525178339529 2.8157529412517843 3.0058988837504415
9470.411093562212 3.8778507928503108 2.7654493066989283
9474.297965564663 3.9915783075459546 2.7790032434671232
9478.185575285625 3.1426561543038702 2.953451248704267
9482.073611422107 4.716953562866877 2.2533594773468484
9485.96246574118 2.6562777613088544 2.265714861191937
9489.85197045816 3.517097931642784 2.1323143309835224
9493.742139935288 4.400537741942915 2.0447153658547355
9497.636730251334 3.304580487753229 2.4790399518658734
9501.52443446167 5.860257389625974 3.0510305646253184
9505.416705880125 3.3880421779497656 3.4829420833563334
9509.310862966931 3.6085970196091703 2.872615384897136
9513.203015025822 4.181803063568681 2.7295944811779322
9517.097337864194 3.9661772022934896 2.7221726716488552
9520.992068164605 3.2655091384003248 2.8382798038113126
9524.887696378679 3.701559598702874 2.5121719194732455
9528.78375568638 4.368653898096812 2.339616518899269
9532.680904471836 3.996831479051524 2.347515046713297
9536.578522075126 3.9858604884274182 2.3655451611047082
9540.476964836 3.418746693219835 2.7662144911097597
9544.375445084353 3.3656620290541315 3.362175465109292
9548.275632096376 4.340327792065399 3.1613915875235
9552.175990170626 4.361151915905127 3.13916108388845
9556.077128833529 2.1601638639110687 3.431993110188727
9559.97913056703 3.5637813434001093 2.7284069177792403
9563.881254256721 4.705334794271013 2.462058864615998
9567.784696522831 3.8366344395487237 2.539524193125756
9571.687190066637 3.0348172955005204 2.4561641487751404
9575.593076311672 3.363832904776603 2.127717871694494
9579.498626076756 3.519458214477588 2.149760692415166
9583.40443531623 4.208451271841971 2.0705098151669525
9587.311148111437 4.482217448782738 2.0453376289665894
9591.218700189644 3.3959929987122743 2.535689283111904
9595.12680692256 3.0919892052365285 3.0697548262246594
9599.035574901867 2.5077626809337965 3.179432697372869
9602.94524934712 2.492279059532373 3.23683070203883
9606.855428715819 2.9688541705559572 3.1242387624830354
9610.766581393002 3.2373295213198467 2.9852058894582285
9614.678087980568 2.4419853400476983 2.894460714456602
9618.59054421578 3.2272875170340862 2.5767325902965696
9622.503685688307 1.953935484165895 2.678530677467097
9626.417745837003 4.508632817060795 2.108548701558666
9630.331998403937 3.499823408637611 2.1385645972356158
9634.246147021124 3.8682242313797874 2.0636152674549813
9638.163703549346 3.5035589352348286 2.255782359778299
9642.08049938575 3.619924567996931 2.290290164624787
9645.99705284221 3.403431730559032 2.334337852879975
9649.91578829332 3.125584099028042 2.60238005406595
9653.835091794492 3.3825158208687744 2.412145480275089
9657.754609598627 3.318320133235846 2.4043417316208724
9661.675035134047 3.5127909494342187 2.375358032426792
9665.596100852612 2.7369759433785936 2.4090704849050852
9669.518091484317 4.104083301142512 2.3341272888311684
9673.44088870024 3.952812034797272 2.223052758074821
9677.364060915033 3.2459425130921424 2.082573730626071
9681.28818241954 4.5453131370933315 1.9681723888832876
